         125
         245
         212
         199
          66
         201
         212
         122
         106
         215
         209
         138
         229
         162
          13
         126
          80
          80
          80
          22
         120
         208
         172
          55
           6
          35
         120
         216
           6
         185
          29
          88
          69
         187
          68
         187
         164
         221
          93
          87
          54
          96
         159
          82
         203
         182
         184
         250
         126
          92
           9
         229
         184
         176
         252
         154
         110
         241
         229
         161
         192
         255
         125
         128
          85
         149
         191
         139
          77
          10
         249
         156
         219
         173
          41
         135
         160
          49
          83
          37
         236
         247
         200
          86
          43
          16
         124
         164
         176
         187
         189
         203
          71
         135
         150
         119
         250
         251
          72
         163
           4
         215
         251
          41
         176
          15
          63
         103
          53
         139
         110
          15
         122
         163
         193
         114
          54
          45
          95
         104
          19
          95
         117
         112
         141
         156
         218
          52
         223
          45
          33
          85
         133
         209
         197
         161
          22
         219
         232
           4
          45
          66
         245
          87
         112
         157
          85
         246
          86
          29
         230
         112
         240
         211
         198
           3
           6
         103
          34
         130
         200
          20
          44
         171
         205
         181
         105
         177
         214
         139
          72
         119
         199
          87
         228
         250
         237
          95
         218
          67
         154
         253
          60
         104
          96
          24
          46
         219
          24
         170
         249
           9
         109
         110
          80
         238
          79
         153
         127
         105
          52
         189
         222
          72
          40
           8
          62
          61
         147
          70
         161
         184
         186
          67
         180
         157
         184
         177
         159
         133
         220
         251
         209
         175
          32
         146
          29
         114
          73
         157
         235
         191
         215
           8
          24
         243
          99
          73
         104
         150
         198
         243
         237
         228
         252
         168
         112
          20
         112
         106
